state	year	agency	scode	area	po-total	ps-popgw	ps-popsw	ps-popto	ps-wgwfr	ps-wswfr	ps-wtofr	ps-wgwsa	ps-wswsa	ps-wsato	ps-total	ps-loss	ps-deliv	ps-prcap	ps-facil	ps-facdb	co-wgwfr	co-wswfr	co-wtotl	co-psdel	co-total	co-cuse	do-sspop	do-ssgwf	do-ssswf	do-sstot	do-sspcp	do-pspop	do-psdel	do-pspcp	do-total	do-cuse	in-wgwfr	in-wgwsa	in-wgwto	in-wswfr	in-wswsa	in-wswto	in-wtofr	in-wtosa	in-wtotl	in-recww	in-psdel	in-total	in-cufr	in-cusal	in-cuse	in-facil	in-facdb	pt-wgwfr	pt-wswfr	pt-wswsa	pt-wswto	pt-frtot	pt-wtotl	pt-psdel	pt-total	pt-cufr	pt-cusal	pt-cuse	pt-power	pt-facil	pt-facdb	pf-wgwfr	pf-wswfr	pf-wswsa	pf-wswto	pf-frtot	pf-wtotl	pf-psdel	pf-total	pf-cufr	pf-cusal	pf-cuse	pf-power	pf-facil	pf-facdb	pg-wgwfr	pg-wgwsa	pg-wtotl	pg-cufr	pg-cusal	pg-power	pg-facil	pg-facdb	pn-wgwfr	pn-wswfr	pn-wswsa	pn-wswto	pn-frtot	pn-wtotl	pn-psdel	pn-total	pn-cufr	pn-cusal	pn-cuse	pn-power	pn-facil	pn-facdb	mi-wgwfr	mi-wgwsa	mi-gwtot	mi-wswfr	mi-wswsa	mi-swtot	mi-frtot	mi-satot	mi-total	mi-cufr	mi-cusal	mi-cuse	ls-gwtot	ls-swtot	ls-total	ls-cuse	la-gwtot	la-swtot	la-total	la-cuse	lv-gwtot	lv-swtot	lv-total	lv-cuse	ir-wgwfr	ir-wswfr	ir-recww	ir-frtot	ir-spray	ir-flood	ir-irrig	ir-convy	ir-cuse	hy-total	hy-power	hy-facil	hy-facdb	ww-facpu	ww-facot	ww-facil	ww-retrn	ww-facdb	ww-recww	re-evap	re-area	to-gwfr	to-gwsal	to-gwtot	to-swfr	to-swsal	to-swtot	to-frtot	to-satot	to-total	to-recww	to-cufr	to-cusal	to-cuse	to-convy
State	Year				TotalPop																											Public_Pop																																																																																																																																		
AK	1985	USGS	2	10	10.23	0.79	9	9.79	0.04	1.47	1.51	0	0	0	1.51	0.15	1.51	154.24	0	0	0	0	0	0.86	0.86	0.13	0.44	0.01	0	0.01	22.73	9.79	0.5	51.07	0.51	0.1	1	0	1	0.84	0	0.84	1.84	0	1.84	0	0	1.84	0.18	0	0.18	0	0	0	0	0	0	0	0	0	0	0	0	0	0	0	0	0	0	0	0	0	0	0	0	0	0	0	0	0	0	0	0	0	0	0	0	0	0	0	0	0	0	0	0	0	0	0	0	0	0	0	0	0	0	0	0	0	0	0	0	0	0	0	0	0	2	2	0	0	0	0	0	0	2	2	0	0	0	0	0	0	0	0	0	0	0	0	0	0	0	16	16	0	0	0	0	0	1.05	0	1.05	4.31	0	4.31	5.36	0	5.36	0	0.41	0	0.41	0
AK	1985	USGS	2	20	244	128	47	175	19.43	14.5	33.93	0	0	0	33.93	3.39	33.93	193.89	0	0	0	0	0	17.94	17.94	2.69	69	5.13	0	5.13	74.35	175	11.86	67.77	16.99	3.4	0	0	0	0	0	0	0	0	0	0	0.42	0.42	0	0	0	0	0	0.23	0.21	0	0.21	0.44	0.44	0.32	0.76	0.07	0	0.07	1013.12	0	0	0.23	0.21	0	0.21	0.44	0.44	0.32	0.76	0.07	0	0.07	1013.12	0	0	0	0	0	0	0	0	0	0	0	0	0	0	0	0	0	0	0	0	0	0	0	0	0	0	0	0	0	0	0	0	0	0	0	0	3.4	7.7	11.1	0	0	0	0	0	3.4	7.7	11.1	0	0	0	0	0	0	0	0	0	0	0	0	0	0	2	0	2	28.73	0	0	0	0	28.19	0	28.19	22.41	0	22.41	50.6	0	50.6	0	6.16	0	6.16	0
AK	1985	USGS	2	30	0.7	0	0.56	0.56	0	0.03	0.03	0	0	0	0.03	0	0.03	53.57	0	0	0	0	0	0	0	0	0.14	0	0	0	0	0.56	0.03	53.57	0.03	0.01	0	0	0	0.4	0	0.4	0.4	0	0.4	0	0	0.4	0.04	0	0.04	0	0	0	0	0	0	0	0	0	0	0	0	0	0	0	0	0	0	0	0	0	0	0	0	0	0	0	0	0	0	0	0	0	0	0	0	0	0	0	0	0	0	0	0	0	0	0	0	0	0	0	0	0	0	0	0	0	0	0	0	0	0	0	0	0	0	0	0	0	0	0	0	0	0	0	0	0	0	0	0	0	0	0	0	0	0	0	0	0	0	0	0	0	0	0	0	0	0	0	0	0.43	0	0.43	0.43	0	0.43	0	0.05	0	0.05	0
AK	1985	USGS	2	40	5.2	0	3.27	3.27	0	0.03	0.03	0	0	0	0.03	0	0.03	9.17	0	0	0	0	0	0.01	0.01	0	1.93	0	0.01	0.01	5.18	3.27	0.02	6.12	0.03	0.01	0	0	0	0	0	0	0	0	0	0	0	0	0	0	0	0	0	0	0	0	0	0	0	0	0	0	0	0	0	0	0	0	0	0	0	0	0	0	0	0	0	0	0	0	0	0	0	0	0	0	0	0	0	0	0	0	0	0	0	0	0	0	0	0	0	0	0	0.07	0	0.07	0.98	0	0.98	1.05	0	1.05	0.01	0	0.01	0	0	0	0	0	0	0	0	0	0	0	0	0	0	0	0	0	0	0	0	0	0	0	0	0	0	2	2	0	0	0	0	0	0.07	0	0.07	1.02	0	1.02	1.09	0	1.09	0	0.02	0	0.02	0
AK	1985	USGS	2	50	10.41	2.77	0	2.77	0.14	0	0.14	0	0	0	0.14	0.01	0.14	50.54	0	0	0.07	0	0.07	0.01	0.08	0.01	7.64	0.01	0	0.01	1.31	2.77	0.12	43.32	0.13	0.03	0	0	0	0	0	0	0	0	0	0	0	0	0	0	0	0	0	0	0	0	0	0	0	0	0	0	0	0	24.5	0	0	0	0	0	0	0	0	0	0	0	0	0	24.5	0	0	0	0	0	0	0	0	0	0	0	0	0	0	0	0	0	0	0	0	0	0	0	0	0	0	0	0.05	0	0.05	0.05	0	0.05	0	0	0	0	0	0	0	0	0	0	0	0	0	0	0	0	0	0	0	0	0	0	0	0	0	0	0	0	0	0	0	0	0	0	0	0	0.22	0	0.22	0.05	0	0.05	0.27	0	0.27	0	0.04	0	0.04	0
AK	1985	USGS	2	60	0.83	0	0	0	0.08	0	0.08	0	0	0	0.08	0.01	0.08	0	0	0	0.08	0	0.08	0.07	0.15	0.02	0.83	0.03	0	0.03	36.14	0	0	0	0.03	0.01	0.32	0	0.32	0.87	0	0.87	1.19	0	1.19	0	0	1.19	0.12	0	0.12	0	0	0	0	0	0	0	0	0	0	0	0	0	0.15	0	0	0	0	0	0	0	0	0	0	0	0	0	0.15	0	0	0	0	0	0	0	0	0	0	0	0	0	0	0	0	0	0	0	0	0	0	0	0	0	0	0	0	0	0	0	0	0	0	0	0	0	0	0	0	0	0	0	0	0	0	0	0	0	0	0	0	0	0	0	0	0	0	0	0	0	0	0	0	0	0	0	0	0	0.51	0	0.51	0.87	0	0.87	1.38	0	1.38	0	0.15	0	0.15	0
AK	1985	USGS	2	70	5.01	2.55	0.23	2.78	0.2	0.01	0.21	0	0	0	0.21	0.02	0.21	75.54	0	0	0.01	0	0.01	0.02	0.03	0	2.23	0.05	0	0.05	22.42	2.78	0.12	43.17	0.17	0.03	0.15	0	0.15	0.2	0	0.2	0.35	0	0.35	0	0.05	0.4	0.04	0	0.04	0	0	0	0	0	0	0	0	0	0	0	0	0	12	0	0	0	0	0	0	0	0	0	0	0	0	0	12	0	0	0	0	0	0	0	0	0	0	0	0	0	0	0	0	0	0	0	0	0	0	0	0	0	0	0	0.04	0	0.04	0.04	0	0.04	0	0	0	0	0	0	0	0	0	0	0	0	0	0	0	0	0	0	0	0	0	0	0	0	0	0	0	0	0	0	0	0	0	0	0	0	0.41	0	0.41	0.25	0	0.25	0.66	0	0.66	0	0.07	0	0.07	0
AK	1985	USGS	2	80	2.6	2.5	0	2.5	1.32	0	1.32	0	0	0	1.32	0.14	1.32	528	0	0	0	0	0	0.17	0.17	0.03	0.1	0	0	0	0	2.5	0.69	276	0.69	0.14	0	0	0	0	0	0	0	0	0	0	0.32	0.32	0	0	0	0	0	0	0	0	0	0	0	0	0	0	0	0	19.1	0	0	0	0	0	0	0	0	0	0	0	0	0	19.1	0	0	0	0	0	0	0	0	0	0	0	0	0	0	0	0	0	0	0	0	0	0	0	0	0	0	0	0.9	0	0.9	0.9	0	0.9	0.01	0	0.01	0	0	0	0	0	0	0	0	0	0	0	0	0	0	0	0	0	0	0	0	0	0	0	0	0	1	3	4	0.88	0	0	0	0	1.32	0	1.32	0.9	0	0.9	2.22	0	2.22	0	0.18	0	0.18	0
AK	1985	USGS	2	90	74	53	0	53	7.63	0	7.63	0	0	0	7.63	0.76	7.63	143.96	0	0	0.07	0	0.07	3.49	3.56	0.53	21	0.79	0.13	0.92	43.81	53	3.25	61.32	4.17	0.83	0.04	0	0.04	0	0	0	0.04	0	0.04	0	0.11	0.15	0	0	0	0	0	4	14	0	14	18	18	0.02	18.02	1.8	0	1.8	366.9	0	0	4	14	0	14	18	18	0.02	18.02	1.8	0	1.8	366.9	0	0	0	0	0	0	0	0	0	0	0	0	0	0	0	0	0	0	0	0	0	0	0	0	0	0	0	6	0	6	6	0	6	0.01	0	0.01	0.03	0	0.03	0.03	0	0	0	0	0.03	0	0.03	0.03	0	0	0	0	0	0	0	0	0	0	0	0	0	2	0	2	7.24	0	0	0	0	12.56	0	12.56	20.13	0	20.13	32.69	0	32.69	0	3.2	0	3.2	0
AK	1985	USGS	2	100	1.93	0	1.13	1.13	0	0.21	0.21	0	0	0	0.21	0.02	0.21	185.84	0	0	0	0	0	0.05	0.05	0.01	0.8	0	0.03	0.03	37.5	1.13	0.14	123.89	0.17	0.03	0	0	0	0	0	0	0	0	0	0	0	0	0	0	0	0	0	0	0	0	0	0	0	0	0	0	0	0	0	0	0	0	0	0	0	0	0	0	0	0	0	0	0	0	0	0	0	0	0	0	0	0	0	0	0	0	0	0	0	0	0	0	0	0	0	0	0	0	0	0	0	0	0	0	0	0	0	0	0	0	0	0	0	0	0	0	0	0	0	0	0	0	0	0	0	0	0	0	0	0	0	0	0	0	1	0	1	0.07	0	0	0	0	0	0	0	0.24	0	0.24	0.24	0	0.24	0	0.04	0	0.04	0
AK	1985	USGS	2	110	29	7.7	4.9	12.6	1.88	1	2.88	0	0	0	2.88	0.28	2.88	228.57	0	0	0	0	0	1.44	1.44	0.22	16.4	0.24	0.03	0.27	16.46	12.6	1.03	81.75	1.3	0.26	0	0	0	0	0	0	0	0	0	0	0.13	0.13	0	0	0	0	0	0	0	0	0	0	0	0	0	0	0	0	41	0	0	0	0	0	0	0	0	0	0	0	0	0	41	0	0	0	0	0	0	0	0	0	0	0	0	0	0	0	0	0	0	0	0	0	0	0	0	0	0	0	0.02	0	0.02	0.02	0	0.02	0	0	0	0	38.5	38.5	0	0	0	0	0	0	38.5	38.5	0	0	0	0	0	0	0	0	0	0	366.21	227.33	0	0	2	0	2	4.29	0	0	0	0	2.12	0	2.12	39.55	0	39.55	41.67	0	41.67	0	0.48	0	0.48	0
AK	1985	USGS	2	120	39.22	9.06	5.61	14.67	2.03	0.9	2.93	0	0	0	2.93	0.3	2.93	199.73	0	0	0.09	0	0.09	0.92	1.01	0.15	24.55	1.02	0.27	1.29	52.55	14.67	1.48	100.89	2.77	0.55	3.59	0	3.59	0.06	0	0.06	3.65	0	3.65	0	0.23	3.88	0.36	0	0.36	0	0	0	0	0	0	0	0	0	0	0	0	0	1671	0	0	0	0	0	0	0	0	0	0	0	0	0	1671	0	0	0	0	0	0	0	0	0	0	0	0	0	0	0	0	0	0	0	0	0	0	0	0	0	0	0	0.02	0	0.02	0.02	0	0.02	0	0	0	0.02	1.85	1.87	0.02	0	0	0	0	0.02	1.85	1.87	0.02	0	0	0	0	0	0	0	0	0	70	47.38	0	0	4	7	11	2.26	0	0	0	0	6.75	0	6.75	3.1	0	3.1	9.85	0	9.85	0	1.08	0	1.08	0
AK	1985	USGS	2	130	14.64	0	8.74	8.74	0	5.01	5.01	0	0	0	5.01	0.5	5.01	573.23	0	0	0	0.01	0.01	0.18	0.19	0.03	5.9	0	0.14	0.14	23.73	8.74	0.73	83.52	0.87	0.17	0	0	0	46.73	0	46.73	46.73	0	46.73	0	3.6	50.33	4.67	0	4.67	0	0	0	0	0	0	0	0	0	0	0	0	0	0	0	0	0	0	0	0	0	0	0	0	0	0	0	0	0	0	0	0	0	0	0	0	0	0	0	0	0	0	0	0	0	0	0	0	0	0	0	0	0	0	0	0	0	0	0	0	0	0	0	0	0	28.3	28.3	0	0	0	0	0	0	28.3	28.3	0	0	0	0	0	0	0	0	0	0	399	114.74	0	0	1	1	2	1.5	0	0	0	0	0	0	0	80.19	0	80.19	80.19	0	80.19	0	4.87	0	4.87	0
AK	1985	USGS	2	140	6.02	0.75	3.59	4.34	0.04	0.17	0.21	0	0	0	0.21	0.02	0.21	48.39	0	0	0	0	0	0.02	0.02	0	1.68	0	0	0	0	4.34	0.17	39.17	0.17	0.03	0	0	0	0	0	0	0	0	0	0	0	0	0	0	0	0	0	0	0	0	0	0	0	0	0	0	0	0	0	0	0	0	0	0	0	0	0	0	0	0	0	0	0	0	0	0	0	0	0	0	0	0	0	0	0	0	0	0	0	0	0	0	0	0	0	0	0	0	0	0	0.05	0	0.05	0.05	0	0.05	0	0	0	0.43	0	0.43	0	0	0	0	0	0.43	0	0.43	0	0	0	0	0	0	0	0	0	0	0	0	0	0	0	0	0	0	0	0	0	0	0.47	0	0.47	0.22	0	0.22	0.69	0	0.69	0	0.03	0	0.03	0
AK	1985	USGS	2	150	14.48	0	14.48	14.48	0	3.93	3.93	0	0	0	3.93	0.39	3.93	271.41	0	0	0	0	0	0.86	0.86	0.13	0	0	0	0	0	14.48	1.84	127.07	1.84	0.37	0.1	0	0.1	0.84	0	0.84	0.94	0	0.94	0	0.84	1.78	0.09	0	0.09	0	0	0	0	0	0	0	0	0	0	0	0	0	21.89	0	0	0	0	0	0	0	0	0	0	0	0	0	21.89	0	0	0	0	0	0	0	0	0	0	0	0	0	0	0	0	0	0	0	0	0	0	0	0	0	0	0	0.2	0	0.2	0.2	0	0.2	0	0	0	0	3.1	3.1	0.1	0	0	0	0	0	3.1	3.1	0.1	0	0	0	0	0	0	0	0	0	56	66.5	0	0	1	3	4	1.76	0	0	0	0	0.1	0	0.1	8.07	0	8.07	8.17	0	8.17	0	0.69	0	0.69	0
AK	1985	USGS	2	160	2.83	0.54	0.22	0.76	0.02	0.01	0.03	0	0	0	0.03	0	0.03	39.47	0	0	0	0	0	0	0	0	2.07	0.03	0	0.03	14.49	0.76	0.03	39.47	0.06	0.01	0	0	0	0	0	0	0	0	0	0	0	0	0	0	0	0	0	0	0	0	0	0	0	0	0	0	0	0	0	0	0	0	0	0	0	0	0	0	0	0	0	0	0	0	0	0	0	0	0	0	0	0	0	0	0	0	0	0	0	0	0	0	0	0	0	0	0	0	0	0	3.25	0	3.25	3.25	0	3.25	0.03	0	0.03	0	0	0	0	0	0	0	0	0	0	0	0	0	0	0	0	0	0	0	0	0	0	0	0	0	0	0	0	0	0	0	0	0	0.05	0	0.05	3.26	0	3.26	3.31	0	3.31	0	0.04	0	0.04	0
AK	1985	USGS	2	170	41.32	6.9	0	6.9	1.21	0	1.21	0	0	0	1.21	0.12	1.21	175.36	0	0	0.08	0	0.08	0.47	0.55	0.08	34.42	1.27	0.05	1.32	38.35	6.9	0.62	89.86	1.94	0.39	0	0	0	0	0	0	0	0	0	0	0	0	0	0	0	0	0	0	0	0	0	0	0	0	0	0	0	0	0	0	0	0	0	0	0	0	0	0	0	0	0	0	0	0	0	0	0	0	0	0	0	0	0	0	0	0	0	0	0	0	0	0	0	0	0	0	0	0	0	0	1.14	0	1.14	1.14	0	1.14	0.01	0	0.01	0.9	3.95	4.85	0.06	0	0	0	0	0.9	3.95	4.85	0.06	0	0.03	0	0.03	0.37	0	0.37	0	0.01	182.7	141.98	0	0	1	0	1	0.17	0	0	0	0	3.46	0	3.46	5.17	0	5.17	8.63	0	8.63	0	0.55	0	0.55	0
AK	1985	USGS	2	180	8.09	4.63	0.17	4.8	0.54	0.01	0.55	0	0	0	0.55	0.06	0.55	114.58	0	0	0	0	0	0.06	0.06	0.01	3.29	0	0	0	0	4.8	0.43	89.58	0.43	0.09	0	0	0	0	0	0	0	0	0	0	0	0	0	0	0	0	0	0	0	0	0	0	0	0	0	0	0	0	24.74	0	0	0	0	0	0	0	0	0	0	0	0	0	24.74	0	0	0	0	0	0	0	0	0	0	0	0	0	0	0	0	0	0	0	0	0	0	0	0	0	0	0	0.82	0	0.82	0.82	0	0.82	0	0	0	0	0	0	0	0	0	0	0	0	0	0	0	0	0	0	0	0	0	0	0	0	0	0	0	0	0	0	0	0	0	0	0	0	0.54	0	0.54	0.83	0	0.83	1.37	0	1.37	0	0.1	0	0.1	0
AK	1985	USGS	2	190	1.3	0	1.3	1.3	0	0.8	0.8	0	0	0	0.8	0.09	0.8	615.38	0	0	0	0	0	0.04	0.04	0.01	0	0	0	0	0	1.3	0.13	100	0.13	0.03	0	0	0	0	0	0	0	0	0	0	0.54	0.54	0	0	0	0	0	0	0	0	0	0	0	0	0	0	0	0	0	0	0	0	0	0	0	0	0	0	0	0	0	0	0	0	0	0	0	0	0	0	0	0	0	0	0	0	0	0	0	0	0	0	0	0	0	0	0	0	0	0	0	0	0	0	0	0	0	0	0	0	0	0	0	0	0	0	0	0	0	0	0	0	0	0	0	0	0	0	0	0	46.4	12	0	0	0	1	1	0	0	0	0	0	0	0	0	0.8	0	0.8	0.8	0	0.8	0	0.04	0	0.04	0
AK	1985	USGS	2	200	2.67	1.17	1.5	2.67	0.33	0.24	0.57	0	0	0	0.57	0.06	0.57	213.48	0	0	0	0	0	0.01	0.01	0	0	0	0	0	0	2.67	0.28	104.87	0.28	0.06	0	0	0	0.45	0	0.45	0.45	0	0.45	0	0.22	0.67	0.05	0	0.05	0	0	0	0	0	0	0	0	0	0	0	0	0	0	0	0	0	0	0	0	0	0	0	0	0	0	0	0	0	0	0	0	0	0	0	0	0	0	0	0	0	0	0	0	0	0	0	0	0	0	0	0	0	0	0	0	0	0	0	0	0	0	0	0	0	8.9	8.9	0	0	0	0	0	0	8.9	8.9	0	0	0	0	0	0	0	0	0	0	0	0	0	0	0	0	0	0	0	0	0	0	0.33	0	0.33	9.59	0	9.59	9.92	0	9.92	0	0.11	0	0.11	0
AK	1985	USGS	2	220	8.6	0	8.6	8.6	0	5	5	0	0	0	5	0.5	5	581.4	0	0	0	0	0	0.72	0.72	0.11	0	0	0	0	0	8.6	3.6	418.6	3.6	0.72	0	0	0	54.87	0	54.87	54.87	0	54.87	0	0.18	55.05	5.49	0	5.49	0	0	0	0	0	0	0	0	0	0	0	0	0	0	0	0	0	0	0	0	0	0	0	0	0	0	0	0	0	0	0	0	0	0	0	0	0	0	0	0	0	0	0	0	0	0	0	0	0	0	0	0	0	0	0	0.2	0	0.2	0.2	0	0.2	0	0	0	0	17.62	17.62	0	0	0	0	0	0	17.62	17.62	0	0	0	0	0	0	0	0	0	0	271	100.5	0	0	1	1	2	1.67	0	0	0	0	0	0	0	77.69	0	77.69	77.69	0	77.69	0	6.32	0	6.32	0
AK	1985	USGS	2	230	2.49	1.26	1.08	2.34	0.28	0.05	0.33	0	0	0	0.33	0.04	0.33	141.03	0	0	0	0	0	0.13	0.13	0.02	0.15	0	0	0	0	2.34	0.16	68.38	0.16	0.03	0	0	0	0.36	0	0.36	0.36	0	0.36	0	0	0.36	0.04	0	0.04	0	0	0.05	0	0	0	0.05	0.05	0	0.05	0.01	0	0.01	4.8	0	0	0.05	0	0	0	0.05	0.05	0	0.05	0.01	0	0.01	4.8	0	0	0	0	0	0	0	0	0	0	0	0	0	0	0	0	0	0	0	0	0	0	0	0	0	0	0	0.22	0	0.22	0.22	0	0.22	0	0	0	0	0.27	0.27	0	0	0	0	0	0	0.27	0.27	0	0	0	0	0	0	0	0	0	0	6.5	2.2	0	0	1	0	1	0.27	0	0	0	0	0.33	0	0.33	0.9	0	0.9	1.23	0	1.23	0	0.1	0	0.1	0
AK	1985	USGS	2	240	5.51	2.45	0	2.45	0.31	0	0.31	0	0	0	0.31	0.03	0.31	126.53	0	0	0.01	0	0.01	0.16	0.17	0.03	3.06	0.14	0	0.14	45.75	2.45	0.12	48.98	0.26	0.05	0	0	0	0	0	0	0	0	0	0	0	0	0	0	0	0	0	0	0	0	0	0	0	0	0	0	0	0	0	0	0	0	0	0	0	0	0	0	0	0	0	0	0	0	0	0	0	0	0	0	0	0	0	0	0	0	0	0	0	0	0	0	0	0	0	0	0	0	0	0	0.53	0	0.53	0.53	0	0.53	0.01	0	0.01	0	0	0	0	0	0	0	0	0	0	0	0	0	0	0	0	0	0	0	0	0	0	0	0	0	0	0	0	0	0	0	0	0	0.46	0	0.46	0.53	0	0.53	0.99	0	0.99	0	0.09	0	0.09	0
AK	1985	USGS	2	250	1.76	0.64	0	0.64	0.01	0	0.01	0	0	0	0.01	0	0.01	15.63	0	0	0	0	0	0	0	0	1.12	0.01	0	0.01	8.93	0.64	0.01	15.63	0.02	0	0	0	0	0	0	0	0	0	0	0	0	0	0	0	0	0	0	0	0	0	0	0	0	0	0	0	0	0	0	0	0	0	0	0	0	0	0	0	0	0	0	0	0	0	0	0	0	0	0	0	0	0	0	0	0	0	0	0	0	0	0	0	0	0	0	0	0	0	0	0	4.33	0	4.33	4.33	0	4.33	0.04	0	0.04	0	0	0	0	0	0	0	0	0	0	0	0	0	0	0	0	0	0	0	0	0	0	0	0	0	0	0	0	0	0	0	0	0	0.02	0	0.02	4.33	0	4.33	4.35	0	4.35	0	0.04	0	0.04	0
AK	1985	USGS	2	260	7.97	2.9	0.15	3.05	2.05	0.01	2.06	0	0	0	2.06	0.2	2.06	675.41	0	0	0.01	0	0.01	0.34	0.35	0.05	4.92	0.17	0.01	0.18	36.59	3.05	1.21	396.72	1.39	0.28	2.5	0	2.5	0	0	0	2.5	0	2.5	0	0.31	2.81	0.25	0	0.25	0	0	0	0	0	0	0	0	0	0	0	0	0	14.12	0	0	0	0	0	0	0	0	0	0	0	0	0	14.12	0	0	0	0	0	0	0	0	0	0	0	0	0	0	0	0	0	0	0	0	0	0	0	0	0	0	0	0.02	0	0.02	0.02	0	0.02	0	0	0	1.7	24.11	25.81	0	0	0	0	0	1.7	24.11	25.81	0	0	0	0	0	0	0	0	0	0	67	40.23	0	0	1	1	2	0.58	0	0	0	0	6.43	0	6.43	24.15	0	24.15	30.58	0	30.58	0	0.58	0	0.58	0
AK	1985	USGS	2	270	5.51	1.35	0.87	2.22	0.07	0.04	0.11	0	0	0	0.11	0.01	0.11	49.55	0	0	0	0	0	0.01	0.01	0	3.29	0.02	0	0.02	6.08	2.22	0.09	40.54	0.11	0.02	0	0	0	0	0	0	0	0	0	0	0	0	0	0	0	0	0	0	0	0	0	0	0	0	0	0	0	0	0	0	0	0	0	0	0	0	0	0	0	0	0	0	0	0	0	0	0	0	0	0	0	0	0	0	0	0	0	0	0	0	0	0	0	0	0	0	0	0	0	0	0	0	0	0	0	0	0	0	0	0	0	0	0	0	0	0	0	0	0	0	0	0	0	0	0	0	0	0	0	0	0	0	0	0	0	0	0	0	0	0	0	0	0.09	0	0.09	0.04	0	0.04	0.13	0	0.13	0	0.02	0	0.02	0
AK	1985	USGS	2	280	6.19	0	5.06	5.06	0	1.58	1.58	0	0	0	1.58	0.16	1.58	312.25	0	0	0	0	0	0.09	0.09	0.01	1.13	0.05	0	0.05	44.25	5.06	0.53	104.74	0.58	0.12	0.02	0	0.02	0.2	0	0.2	0.22	0	0.22	0	0.8	1.02	0.02	0	0.02	0	0	0	0	0	0	0	0	0	0	0	0	0	0	0	0	0	0	0	0	0	0	0	0	0	0	0	0	0	0	0	0	0	0	0	0	0	0	0	0	0	0	0	0	0	0	0	0	0	0	0	0	0	0	0	0	0	0	0	0	0	0	0	0	0	10.11	10.11	0	0	0	0	0	0	10.11	10.11	0	0	0	0	0	0	0	0	0	0	11	11	0	0	2	2	4	1.68	0	0	0	0	0.07	0	0.07	11.89	0	11.89	11.96	0	11.96	0	0.15	0	0.15	0
AK	1985	USGS	2	290	5.83	1.65	0	1.65	3.08	0	3.08	0	0	0	3.08	0.31	3.08	1866.67	0	0	0.01	0	0.01	2.43	2.44	0.37	4.18	0.08	0	0.08	19.14	1.65	0.34	206.06	0.42	0.08	0	0	0	0	0	0	0	0	0	0	0	0	0	0	0	0	0	0	12	0	12	12	12	0	12	1.2	0	1.2	212	0	0	0	12	0	12	12	12	0	12	1.2	0	1.2	212	0	0	0	0	0	0	0	0	0	0	0	0	0	0	0	0	0	0	0	0	0	0	0	0	0.01	0	0.01	0.6	0	0.6	0.61	0	0.61	0.01	0	0.01	3.6	0	3.6	0	0	0	0	0	3.6	0	3.6	0	0	0	0	0	0	0	0	0	0	0	0	0	0	0	1	1	0	0	0	0	0	6.78	0	6.78	12.6	0	12.6	19.38	0	19.38	0	1.66	0	1.66	0
